              precision    recall  f1-score   support

           0       0.89      0.81      0.85        42
           1       0.95      0.90      0.93        42
           2       0.89      1.00      0.94        42
           3       0.84      0.88      0.86        42
           4       0.86      0.88      0.87        41
           5       0.85      0.85      0.85        41
           6       0.95      0.93      0.94        42
           7       0.89      0.93      0.91        42
           8       0.81      0.83      0.82        41
           9       1.00      0.90      0.95        42

   micro avg       0.89      0.89      0.89       417
   macro avg       0.89      0.89      0.89       417
weighted avg       0.89      0.89      0.89       417
