[
    {
        "C": [
            0.001,
            1,
            100,
            1000,
            2500,
            4000,
            4500,
            5000,
            5500,
            6000,
            7000,
            7500,
            8000
        ],
        "gamma": [
            "auto",
            0.01,
            0.001,
            0.0001,
            1e-05,
            1e-06,
            1e-07,
            1e-08
        ],
        "kernel": [
            "rbf"
        ]
    }
]