              precision    recall  f1-score   support

           0       0.85      0.95      0.90        42
           1       0.95      0.86      0.90        42
           2       0.91      1.00      0.95        42
           3       0.82      0.95      0.88        42
           4       0.89      0.78      0.83        41
           5       0.95      0.86      0.90        42
           6       0.95      0.98      0.96        42
           7       0.95      0.95      0.95        42
           8       0.92      0.85      0.89        41
           9       1.00      0.98      0.99        41

   micro avg       0.92      0.92      0.92       417
   macro avg       0.92      0.92      0.92       417
weighted avg       0.92      0.92      0.92       417
