              precision    recall  f1-score   support

           0       0.88      0.90      0.89        41
           1       0.93      0.95      0.94        42
           2       0.98      0.95      0.96        42
           3       0.89      0.98      0.93        42
           4       0.76      0.85      0.80        41
           5       1.00      0.85      0.92        41
           6       0.93      0.95      0.94        42
           7       0.89      0.93      0.91        42
           8       0.88      0.88      0.88        42
           9       1.00      0.83      0.91        42

   micro avg       0.91      0.91      0.91       417
   macro avg       0.91      0.91      0.91       417
weighted avg       0.91      0.91      0.91       417
