             precision    recall  f1-score   support

          0       0.56      0.69      0.62        13
          1       0.42      0.36      0.38        14
          2       0.62      0.77      0.69        13
          3       0.79      0.85      0.81        13
          4       0.50      0.46      0.48        13
          5       0.57      0.62      0.59        13
          6       0.80      0.62      0.70        13
          7       0.80      0.92      0.86        13
          8       0.83      0.77      0.80        13
          9       0.70      0.54      0.61        13

avg / total       0.66      0.66      0.65       131
