             precision    recall  f1-score   support

          0       0.80      0.80      0.80        30
          1       0.88      0.90      0.89        31
          2       0.77      0.97      0.86        31
          3       0.94      0.94      0.94        31
          4       0.85      0.73      0.79        30
          5       0.88      0.70      0.78        30
          6       0.93      0.90      0.92        30
          7       0.97      0.90      0.93        31
          8       0.82      0.90      0.86        31
          9       0.84      0.87      0.85        30

avg / total       0.87      0.86      0.86       305
