             precision    recall  f1-score   support

          0       0.31      1.00      0.48         5
          1       0.29      0.50      0.36         4
          2       0.00      0.00      0.00         4
          3       0.83      1.00      0.91         5
          4       0.50      0.25      0.33         4
          5       0.67      0.50      0.57         4
          6       0.60      0.60      0.60         5
          7       1.00      0.20      0.33         5
          8       1.00      0.40      0.57         5
          9       0.67      0.40      0.50         5

avg / total       0.61      0.50      0.48        46
