              precision    recall  f1-score   support

           0       0.83      0.93      0.88        42
           1       0.98      0.95      0.96        42
           2       0.98      0.98      0.98        42
           3       0.87      0.98      0.92        42
           4       0.88      0.71      0.79        42
           5       0.97      0.90      0.94        41
           6       0.98      1.00      0.99        42
           7       0.98      1.00      0.99        41
           8       0.93      1.00      0.96        41
           9       1.00      0.93      0.96        42

   micro avg       0.94      0.94      0.94       417
   macro avg       0.94      0.94      0.94       417
weighted avg       0.94      0.94      0.94       417
