              precision    recall  f1-score   support

           0       0.81      0.90      0.85        42
           1       0.80      0.95      0.87        42
           2       0.97      0.90      0.94        42
           3       0.90      0.88      0.89        42
           4       0.77      0.73      0.75        41
           5       0.88      0.93      0.90        41
           6       1.00      0.98      0.99        42
           7       0.95      0.95      0.95        42
           8       0.89      0.79      0.84        42
           9       0.97      0.90      0.94        41

   micro avg       0.89      0.89      0.89       417
   macro avg       0.90      0.89      0.89       417
weighted avg       0.90      0.89      0.89       417
