             precision    recall  f1-score   support

          0       0.67      0.40      0.50         5
          1       0.25      0.50      0.33         4
          2       0.67      0.50      0.57         4
          3       1.00      1.00      1.00         5
          4       0.80      0.80      0.80         5
          5       0.50      0.50      0.50         4
          6       0.57      0.80      0.67         5
          7       0.80      0.80      0.80         5
          8       0.80      1.00      0.89         4
          9       1.00      0.20      0.33         5

avg / total       0.72      0.65      0.65        46
